00000000000000000000000000000000000000000000000000000000000000000000000000000000
00000000000000000000000000000000000000000000000000000000000000000000000000000000
00000000000000000000000000000000000000000000000000000000000000000000000000000000
00000000000000000000000000000000000000000000000000000000000000000000000000000000
00000000000000000000000000000000000000000000000000000000000000000000000000000000
00000000000000000000000000000000000000000000000000000000000000000000000000000000
00000000000000000000000000000000000011100011100000000000000000000000000000000000
00000000000000000000000000000000000100010100010000000000000000000000000000000000
00000000000000000000000000000000000100010100010000000000000000000000000000000000
00000000000000000000000000000000000100010100010000000000000000000000000000000000
00000000000000000000000000000000000011100011100000000000000000000000000000000000
00000000000000000000000000000000000000000000000000000000000000000000000000000000
00000000000000000000000000000000000011100011100000000000000000000000000000000000
00000000000000000000000000000000000100010100010000000000000000000000000000000000
00000000000000000000000000000000000100010100010000000000000000000000000000000000
00000000000000000000000000000000000100010100010000000000000000000000000000000000
00000000000000000000000000000000000011100011100000000000000000000000000000000000
00000000000000000000000000000000000000000000000000000000000000000000000000000000
00000000000000000000000000000000000000000000000000000000000000000000000000000000
00000000000000000000000000000000000000000000000000000000000000000000000000000000
00000000000000000000000000000000000000000000000000000000000000000000000000000000
00000000000000000000000000000000000000000000000000000000000000000000000000000000
00000000000000000000000000000000000000000000000000000000000000000000000000000000
00000000000000000000000000000000000000000000000000000000000000000000000000000000
00000000000000000000000000000000000000000000000000000000000000000000000000000000